356405 1 1 9 26 118 107 255 5 3 28.327288 3.553004 -26.717430
369174 1 1 -25 34 122 99 255 2 2 38.559292 -15.835225 -30.340343
374041 1 1 -23 39 124 117 255 3 2 42.190552 25.653763 -29.472292
381224 1 1 -32 36 126 112 255 1 2 48.003067 15.497784 -33.290531
393272 1 1 -29 54 130 125 255 2 1 56.948067 45.403759 -30.476133
412354 1 1 -26 43 136 94 255 2 1 72.138451 -28.693081 -32.268276
404451 1 1 -31 45 134 119 255 1 1 66.008598 31.879519 -32.621178
410078 1 1 -32 59 136 127 255 1 1 70.601868 49.118534 -33.317238
416491 1 1 -32 66 138 130 255 1 1 75.190765 57.164684 -33.653549
417248 1 1 -30 44 138 119 255 1 1 75.907547 30.578882 -32.666927
417989 1 1 -32 33 138 103 255 1 2 76.772820 -6.803614 -32.973663
431669 1 1 -31 54 143 124 255 1 1 86.951439 43.490513 -32.691147
424476 1 1 -33 58 140 126 255 1 1 81.370392 47.843109 -33.683994
440508 1 1 -20 75 146 135 255 3 1 94.337715 67.993233 -32.384380
437213 1 1 -33 34 145 109 255 1 2 91.352646 8.151801 -33.783737
435643 1 1 -32 42 144 117 255 1 1 90.508392 27.477747 -32.932198
445895 1 1 -29 72 148 78 255 2 1 98.442528 -65.344940 -32.174683
441954 1 1 -31 43 146 94 255 1 1 95.109467 -28.642881 -32.414982
445921 1 1 -31 58 148 85 255 1 1 98.678329 -49.138176 -32.416153
459603 1 1 -22 32 152 107 255 3 2 108.988739 2.358341 -32.817055
450835 1 1 -24 37 149 115 255 3 2 102.105904 22.080008 -30.044304
451659 1 1 -28 49 150 121 255 2 1 102.966118 37.039494 -32.164280
453244 1 1 -33 43 150 117 255 1 1 104.334503 27.506050 -33.663639
455523 1 1 -31 57 151 85 255 1 1 105.683861 -47.761414 -32.315712
465917 1 1 -20 59 154 84 255 3 1 114.282875 -51.858551 -29.598215
469879 1 1 -30 81 155 74 255 1 1 116.997658 -75.190231 -31.099030
472355 1 1 -25 39 156 94 255 2 2 119.100594 -28.041435 -28.058170
480291 1 1 -28 74 159 77 255 2 1 125.445877 -67.703423 -30.710955
474766 1 1 -30 38 157 97 255 1 2 120.903931 -21.227102 -31.767727
476274 1 1 -29 84 158 72 255 2 1 121.944908 -78.619164 -30.422203
475739 1 1 -31 92 157 143 255 1 1 121.263802 87.041252 -32.007008
481168 1 1 -31 37 159 97 255 1 2 126.059738 -19.478386 -31.892456
486104 1 1 -30 72 161 133 255 1 1 129.454178 65.212982 -31.692595
486053 1 1 -30 46 161 120 255 1 1 129.925491 33.226265 -32.261318
486154 1 1 -31 101 161 147 255 1 1 129.728302 96.424797 -32.020245
502083 1 1 -13 57 166 128 255 5 1 142.270874 52.416275 -23.522245
494956 1 1 -24 101 164 147 255 3 1 136.261154 97.504860 -26.352594
494065 1 1 -27 50 163 123 255 2 1 135.810562 40.678677 -29.505653
512396 1 1 -18 31 170 105 255 4 2 150.328918 -2.382168 -31.693666
498733 1 1 -30 52 165 88 255 1 1 139.698761 -41.751480 -31.253775
501054 1 1 -28 95 166 67 255 2 1 141.705627 -90.887863 -29.821276
504569 1 1 -17 107 167 151 255 4 1 144.335449 105.646332 -21.273010
510972 1 1 -16 109 169 152 255 4 1 148.864548 107.698647 -16.970018
514875 1 1 -12 48 170 126 255 5 1 151.887207 46.922947 -13.402631
517261 1 1 -11 40 171 122 255 5 1 154.223465 38.347336 -13.084762
517927 1 1 -19 53 172 87 255 4 1 154.921448 -45.005325 -28.543715
522851 1 1 -14 39 173 119 255 5 2 158.364746 32.029282 -23.676428
521109 1 1 -30 64 172 82 255 1 1 157.012146 -56.635349 -31.377432
523490 1 1 -30 74 173 77 255 1 1 158.802628 -68.170586 -30.972445
524421 1 1 -26 31 174 111 255 2 2 159.664185 13.221807 -28.307915
525377 1 1 -16 112 174 153 255 4 1 160.380051 111.019226 -16.875196
530852 1 1 -14 39 176 120 255 5 2 164.898254 32.815666 -21.231853
533845 1 1 -11 98 177 65 255 5 1 167.327866 -96.590073 -20.406582
531774 1 1 -18 111 176 152 255 4 1 165.410965 109.154205 -21.728746
536368 1 1 -29 36 178 97 255 2 2 169.294830 -19.818279 -30.370035
554818 1 1 12 11 184 111 255 5 4 183.278687 11.551304 1.359617
537223 1 1 -26 32 178 112 255 2 2 169.632782 14.603360 -28.580215
544503 1 1 -16 67 180 133 255 4 1 175.184631 64.824745 -16.995951
546179 1 1 -20 114 181 153 255 3 1 176.664886 111.945419 -24.007124
554051 1 1 -17 41 183 120 255 4 1 182.677826 32.493649 -25.910984
558655 1 1 -15 92 185 67 255 4 1 186.820084 -90.430153 -20.377075
560446 1 1 -26 39 186 118 255 2 2 187.694733 29.298435 -27.185402
563464 1 1 -18 87 187 70 255 4 1 190.304321 -84.634682 -21.734791
630111 1 1 -16 71 209 135 255 4 1 242.326279 69.544579 -17.901327
632500 1 1 -15 64 209 132 255 4 1 243.939896 62.813786 -16.640633
639586 1 1 -29 31 212 102 255 2 2 249.750092 -8.413772 -30.047022
